***********Cable unipolar***********
seccion=[0.50,0.75,1.0,1.50,2.50,4.0,6.0,10.0,16.0,25.0,35.0,50.0,70.0,95.0,120.0,150.0,185.0]
diaExterior=[2.15,2.3,2.7,3.0,3.65,4.3,4.8,6.3,7.7,9.9,11.1,12.9,15.55,17.2,19.1,21.8]
peso=[0.89,1.14,1.57,2.09,3.32,5.0,6.80,11.9,17.9,29.0,39.0,55.4,76.4,98.13,124.9,163.5]
corrienteMax=[3.0,8.0,11.0,13.0,18.0,24.0,31.0,42.0,56.0,73.0,89.0,108.0,136.0,164.0,188.0,310.0]
fusible=[2,6,10,10,16,20,25,50,63,80,100,125,160,160,250]

*************cable tipo taller*************
seccionTaller=[0.75,1.0,1.50,2.50,4.0,6.0,10.0,16.0,]
correinteMaxTaller=[10.0,13.0,16.0,22.0,30.0,38.0,53.0,71.0]

**************cable Subterraneo*************
seccionSubterraneoUnipolar=[4.0,6.0,10.0,16.0,25.0,35.0,50.0,70.0,95.0,120.0,150.0,185.0]
unipolarBandeja=[41.0,53.0,80.0,97.0,121.0,149.0,181.0,221.0,272.0,316.0,360.0,410.0]
unipolarEnterrado=[54.0,68.0,89.0,116.0,148.0,177.0,209.0,258.0,307.0,349.0,390.0,440.0]

seccionSubterraneoBipolar=[1.50,2.50,4.0,6.0,10.0,16.0]
bipolarBandeja=[19.0,26.0,35.0,44.0,61.0,82.0,]
bipolarEnterrado=[28.0,38.0,50.0,66.0,89.0,110.0]

seccionSubterraneoTripolar=[1.50,2.50,4.0,6.0,10.0,16.0,25.0,35.0,50.0]
tripolarBandeja=[15.0,21.0,28.0,37.0,50.0,64.0,86.0,105.0,128.0]
tripolarEnterrado=[24.0,32.0,44.0,56.0,72.0,94.0,120.0,144.0,172.0]
